410
40
456
569
859
886
68
523
166
326
220
375
133
505
296
612
38
209
501
278
302
59
114
849
524
884
957
979
972
883
972
599
159
830
75
563
113
510
42
176
239
351
68
481
438
687
642
727
247
749
190
661
824
221
458
872
766
10
819
275
329
930
423
142
532
789
82
256
804
756
240
303
221
207
631
426
370
826
864
731
349
674
710
193
764
812
222
922
203
899
86
637
856
949
116
988
357
507
747
539
896
2
364
447
97
687
598
415
46
680
635
811
996
533
32
927
58
863
509
65
399
272
884
382
254
498
913
416
632
234
867
787
920
540
118
878
657
524
266
523
775
43
78
362
706
772
268
461
599
832
599
44
77
355
514
225
823
308
511
79
653
915
543
409
446
924
31
381
538
673
763
740
625
838
224
771
418
971
67
622
114
112
916
661
446
647
229
911
735
598
946
80
425
642
307
910
431
810
145
110
567
253
30
163
223
40
88
61
712
852
440
411
920
930
17
726
707
65
21
875
434
836
557
573
613
643
793
486
449
86
830
481
489
472
186
466
527
816
731
357
26
856
361
315
103
295
15
904
737
458
64
892
814
957
782
903
263
835
483
55
651
714
860
539
837
603
618
113
60
468
793
78
668
404
418
1
906
377
45
253
92
283
640
39
264
612
903
795
223
658
2
20
429
907
351
252
230
844
566
724
925
862
83
70
632
523
459
527
217
824
8
340
722
821
757
942
172
957
893
546
806
582
597
30
492
218
370
662
234
229
553
605
76
582
437
346
193
646
898
666
205
613
473
631
499
656
986
520
923
644
682
2
705
443
744
9
761
408
954
64
507
416
82
283
432
873
297
531
578
460
212
884
244
159
667
509
444
351
296
397
892
923
229
294
180
546
353
695
982
61
385
263
174
595
821
896
309
201
538
907
608
483
448
892
133
700
52
832
26
994
51
144
589
299
483
3
594
954
408
663
690
532
33
127
94
488
248
471
861
144
10
184
279
866
10
861
344
294
167
863
146
284
352
902
542
864
375
663
675
572
170
405
518
874
996
898
412
908
566
973
67
365
187
669
869
442
931
18
880
208
259
462
197
251
404
283
787
450
32
944
890
307
332
454
258
418
439
439
654
729
102
500
851
823
401
657
277
729
519
250
382
148
339
15
142
323
882
613
968
533
57
860
879
383
51
508
362
869
569
14
515
686
487
93
331
978
240
820
707
123
58
974
349
65
617
910
726
713
799
441
862
862
652
51
698
455
832
101
480
96
60
248
25
793
126
775
135
249
285
131
490
270
508
121
321
845
647
504
969
732
430
308
240
186
611
670
980
686
550
690
226
819
624
397
244
701
848
159
225
221
283
530
811
414
520
647
26
998
559
482
219
471
347
979
660
505
225
159
203
454
561
812
365
396
713
768
766
591
859
367
33
863
337
703
853
131
312
570
782
800
424
178
796
172
818
820
615
477
287
5
477
340
250
966
143
620
831
212
169
614
106
896
436
769
248
912
615
850
66
64
12
703
611
214
683
850
386
165
672
596
146
512
466
339
632
841
462
698
744
246
785
224
504
175
618
47
818
441
295
241
446
353
505
8
387
616
829
897
464
313
969
939
204
994
520
115
730
303
432
461
337
66
732
788
854
787
685
286
899
456
554
216
661
430
10
990
821
944
974
123
212
407
151
89
512
593
446
850
577
797
263
692
871
365
94
596
878
3
245
435
926
800
537
172
771
809
19
959
471
288
633
865
290
645
311
532
826
186
648
227
368
977
9
431
598
980
446
977
167
378
486
505
725
145
219
206
749
63
981
636
384
951
16
524
588
49
245
645
285
744
141
67
912
87
237
638
933
803
939
332
132
663
570
543
36
754
370
108
612
425
168
153
835
951
397
191
291
399
409
699
144
954
800
182
725
772
11
807
62
657
216
268
464
26
260
85
852
58
834
328
428
321
581
270
627
643
673
946
208
969
447
258
294
808
414
413
115
153
563
259
869
914
885
415
60
937
333
600
816
798
43
943
450
411
443
382
449
999
63
592
753
619
2
990
738
301
969
865
962
362
897
739
627
983
39
287
318
777
415
181
481
105
356
915
155
134
946
476
774
758
799
873
219
821
181
344
712
434
199
919
275
528
942
472
99
167
980
2
562
741
63
956
253
200
26
386
268
523
57
392
924
151
778
612
777
316
523
794
911
779
31
623
910
94
772
135
707
330
45
265
89
792
911
948
16
421
498
300
673
701
855
806
922
354
968
60
315
521
450
70
759
864
709
236
154
276
818
907
339
840
844
707
620
416
243
949
574
314
363
379
993
140
481
735
404
522
231
839
327
264
254
759
713
860
365
575
386
60
208
492
192
778
893
134
171
517
685
573
308
537
396
195
29
131
799
864
196
212
179
211
670
425
779
906
999
898
805
89
108
479
670
651
101
66
453
654
628
811
916
352
336
37
48
804
794
800
875
864
950
706
873
947
681
801
186
167
169
526
286
524
923
852
323
518
608
696
805
560
256
884
97
47
728
816
972
609
281
876
388
415
941
326
449
540
549
211
9
915
917
928
508
427
652
929
289
691
122
35
410
818
868
697
153
231
439
120
446
855
14
693
847
217
856
26
738
245
766
117
555
79
469
509
630
451
824
296
978
608
960
399
703
870
903
760
376
132
649
525
874
513
315
512
237
879
149
66
169
244
991
521
513
153
315
85
462
769
56
140
98
930
294
342
281
60
609
971
637
731
64
180
686
830
695
995
488
132
538
438
602
828
216
248
276
621
260
225
800
158
925
75
503
609
971
265
588
519
902
14
173
885
441
691
855
31
389
370
779
228
155
11
861
876
59
560
598
179
612
148
888
342
929
604
950
636
886
215
777
741
756
607
518
992
945
911
838
324
550
957
449
679
480
238
982
978
557
889
666
511
458
266
420
363
65
265
335
953
427
187
445
315
987
691
301
261
874
297
595
120
334
520
594
835
424
554
988
404
108
776
837
351
507
124
679
905
150
754
651
542
991
557
7
934
108
52
223
783
751
785
166
167
73
986
274
198
617
56
984
876
415
690
456
435
733
49
261
252
510
734
629
437
744
381
728
9
111
795
40
628
436
949
537
288
951
837
56
483
491
777
536
377
620
824
241
211
659
82
297
315
500
978
912
610
820
510
136
177
799
860
254
859
14
389
503
329
930
772
177
737
252
388
56
715
377
173
312
285
38
812
486
458
424
561
990
830
293
990
89
351
444
91
618
95
361
91
664
655
475
715
196
214
221
708
652
741
488
200
567
232
183
692
975
549
112
756
543
240
226
6
987
916
28
430
267
139
495
491
27
672
992
250
79
313
160
283
160
215
787
218
688
220
392
646
483
682
712
718
18
15
775
439
758
816
502
880
421
600
838
614
548
28
926
724
965
353
254
533
452
834
461
949
771
81
903
62
539
771
897
633
88
923
662
158
127
86
479
530
536
905
800
224
953
899
244
501
112
308
1000
986
175
162
563
898
231
23
555
631
971
954
375
22
577
379
613
130
583
552
806
302
353
66
347
39
269
44
400
909
799
706
334
402
624
972
891
387
810
706
136
744
16
592
975
868
885
731
503
775
640
60
1
167
931
602
610
330
788
605
741
116
583
177
559
268
254
647
20
241
805
23
729
491
716
401
641
824
541
283
894
787
933
84
868
293
705
504
787
708
525
538
575
274
311
438
972
187
388
729
700
935
30
322
596
62
337
942
525
712
573
387
202
820
941
122
978
651
381
38
767
959
571
817
571
237
476
298
518
293
791
356
803
739
195
166
363
527
536
443
519
699
43
829
666
316
799
700
188
329
28
98
423
85
949
145
414
28
162
2
892
550
609
390
623
728
7
920
26
13
681
890
697
872
782
700
872
477
169
283
764
365
360
324
840
599
303
497
880
943
887
696
558
362
976
296
246
264
520
804
2
868
573
704
340
865
113
705
874
309
509
460
352
645
848
397
21
281
177
387
802
812
241
470
625
506
401
762
742
830
516
660
319
101
370
40
281
24
784
821
658
484
275
212
978
569
973
854
448
69
221
115
318
35
519
289
794
78
215
208
398
284
296
564
35
946
715
753
871
439
459
116
195
518
749
742
512
175
407
967
792
50
440
449
34
155
494
152
797
828
850
579
591
520
864
459
417
128
812
803
752
475
445
923
11
763
794
244
719
107
222
921
253
977
980
946
621
83
384
764
509
213
227
349
714
40
597
835
856
302
630
360
337
285
72
65
228
496
628
938
849
194
108
420
100
81
170
460
990
76
734
657
935
423
264
423
835
62
362
177
487
476
937
134
238
790
861
333
489
648
161
163
826
843
517
761
161
945
523
822
581
478
379
850
696
165
773
606
368
729
323
623
339
706
285
411
326
676
643
534
511
986
821
469
44
890
776
656
454
758
148
444
73
21
603
805
29
512
389
527
772
539
737
119
346
750
298
822
681
974
278
240
41
988
116
343
233
170
416
992
116
219
818
7
291
679
16
550
613
545
194
256
858
269
524
238
20
936
856
481
387
246
869
119
202
54
79
988
231
104
604
41
436
653
51
465
771
975
526
771
286
601
21
784
327
777
381
869
514
948
586
574
995
581
270
797
925
86
168
95
593
835
656
769
909
305
257
243
360
372
433
174
593
634
677
567
872
634
170
547
164
711
850
339
874
881
17
40
170
987
568
413
268
566
448
938
15
191
542
84
808
116
178
562
352
205
758
290
590
57
146
693
541
418
120
715
971
748
629
234
794
974
378
274
832
864
197
644
515
828
801
479
924
801
84
482
603
881
370
114
712
254
432
913
236
126
811
511
198
556
880
649
285
653
415
588
585
125
894
382
418
791
668
594
428
595
832
190
766
115
718
313
768
850
908
674
522
947
593
736
458
316
579
114
248
267
91
300
612
527
742
179
779
463
722
159
32
482
990
488
578
796
466
466
158
932
664
859
478
55
607
850
692
90
612
957
553
560
262
98
991
503
269
611
831
491
289
880
844
500
125
258
309
733
631
30
687
460
321
96
283
513
146
784
268
149
168
158
612
756
537
996
691
310
765
334
905
689
294
304
578
960
656
81
322
101
686
272
478
454
460
985
327
410
279
563
495
205
891
993
562
14
976
406
323
360
36
485
69
656
445
158
188
790
527
987
965
374
949
561
61
760
56
280
434
827
606
85
20
843
467
740
690
769
797
880
756
11
779
484
136
141
966
908
745
187
948
128
375
603
329
36
605
312
190
38
358
817
941
898
795
371
350
292
163
236
982
384
386
761
869
394
890
113
812
573
282
685
601
548
485
755
388
911
215
663
917
250
723
88
121
828
216
244
45
404
346
418
197
498
686
574
215
8
574
769
652
960
474
739
218
972
43
627
964
301
470
692
126
10
572
479
542
25
695
156
113
479
962
56
322
391
801
138
821
23
285
966
971
952
11
669
956
593
367
205
719
246
871
972
436
808
396
240
258
708
550
617
916
777
223
359
701
198
591
246
794
144
768
86
186
114
985
636
324
779
929
564
39
983
580
422
719
487
875
125
912
7
836
532
998
785
788
319
308
771
542
546
411
560
906
988
578
428
501
545
369
549
532
463
23
644
93
710
843
198
975
275
770
228
784
679
445
149
145
184
641
761
211
890
795
302
71
620
108
661
301
478
420
680
157
854
273
415
68
107
473
357
79
69
595
845
166
970
905
643
530
244
653
481
408
597
966
153
441
398
59
901
92
212
682
394
357
874
157
909
537
147
118
680
806
783
839
854
200
257
90
168
343
252
138
817
699
159
813
248
856
798
642
103
934
835
138
863
89
437
82
396
604
697
131
579
940
287
739
253
608
112
942
818
210
498
985
977
103
749
330
758
56
443
655
286
951
652
652
239
595
987
837
917
581
944
430
657
822
855
200
849
768
157
597
716
927
568
377
183
431
876
414
657
306
477
690
1
208
317
452
405
599
523
59
55
783
677
926
151
164
813
597
914
472
320
68
997
792
840
749
999
889
171
313
892
758
308
572
223
847
205
106
144
977
657
360
53
236
770
272
971
683
343
374
648
552
620
835
962
26
779
510
270
858
814
793
506
180
568
981
483
414
854
592
327
558
417
707
197
792
275
864
790
841
41
58
156
55
564
839
448
408
706
433
778
672
740
496
943
923
446
30
182
969
525
692
46
128
458
496
550
770
855
919
229
733
133
88
68
311
219
562
121
899
888
962
179
886
201
522
701
748
592
617
629
83
146
503
985
844
154
377
219
489
821
230
394
189
125
498
971
568
561
157
248
238
818
576
444
76
115
445
201
869
742
952
173
11
845
517
56
722
144
511
12
173
516
383
682
585
824
894
411
358
260
724
840
948
281
808
450
402
115
256
342
980
433
958
373
135
267
481
732
737
604
578
291
51
830
593
70
222
521
777
379
176
299
710
92
947
950
308
474
917
232
918
708
128
169
378
939
319
695
421
29
845
739
975
512
924
765
367
631
20
302
399
483
542
578
599
244
1
974
464
174
751
97
307
834
10
877
803
553
620
311
846
895
491
285
198
476
499
917
987
433
358
665
317
694
496
141
616
680
377
544
786
426
584
508
572
475
699
843
908
357
998
718
755
697
313
765
995
285
149
583
908
440
58
499
816
516
159
959
359
192
728
311
175
911
579
759
823
489
603
388
976
670
795
305
584
260
209
622
264
851
144
930
79
429
775
284
260
464
378
862
563
932
14
679
582
540
432
916
119
118
589
517
662
169
500
56
864
975
584
688
941
925
909
966
45
22
66
847
538
574
308
965
837
505
120
345
424
265
379
814
554
521
149
134
181
236
819
844
959
242
344
882
111
172
440
448
723
416
491
30
465
410
48
673
467
663
377
269
630
954
169
546
990
779
377
265
395
825
323
700
113
590
111
487
741
798
834
791
670
40
968
911
589
304
255
596
123
229
109
592
9
668
331
77
534
991
623
475
213
737
487
633
274
295
862
400
647
509
457
419
366
801
108
329
721
736
119
909
751
92
543
540
388
593
389
87
181
142
773
371
499
948
483
318
300
685
15
34
575
871
54
873
448
847
617
450
197
473
747
772
347
864
333
333
407
713
376
408
523
815
38
578
177
533
961
172
249
88
591
251
552
706
269
496
208
253
150
796
178
84
532
936
195
689
769
715
57
660
817
239
517
141
673
726
818
444
480
73
910
513
601
825
126
648
906
75
459
744
672
740
702
40
323
138
753
2
190
236
371
908
279
901
709
967
661
999
755
427
82
344
882
806
767
319
354
389
968
863
849
69
385
904
920
814
178
361
612
98
934
825
608
935
363
14
19
195
377
726
881
852
252
459
372
937
767
391
167
504
399
382
762
18
677
294
751
480
176
5
465
874
301
758
106
879
495
98
473
414
988
347
836
57
976
194
444
318
809
466
4
542
250
411
471
310
33
406
104
594
108
939
753
398
114
393
157
13
823
457
246
751
369
111
229
75
411
774
889
91
655
853
414
981
351
964
386
278
871
713
309
683
276
380
941
571
751
550
97
656
656
632
558
657
7
739
900
819
857
916
51
28
646
962
814
140
381
960
82
220
543
703
284
154
972
517
745
860
909
966
608
302
82
322
196
384
244
824
404
795
834
48
892
520
751
868
318
812
938
944
953
322
492
409
690
141
402
386
677
43
229
797
546
779
933
563
71
294
988
954
983
274
606
184
606
100
638
762
70
548
470
505
662
3
799
8
647
905
337
620
836
87
76
1
659
414
700
205
50
451
295
530
352
603
315
198
195
834
745
323
843
151
878
309
951
94
165
436
859
787
11
965
327
908
919
206
675
725
675
951
275
23
815
190
98
310
667
981
866
66
27
370
387
936
143
575
81
144
805
612
446
269
5
747
215
54
796
187
149
432
7
396
802
692
85
73
787
386
840
360
451
439
20
815
775
72
617
665
126
230
764
475
959
955
432
651
640
402
633
584
328
591
627
251
214
231
607
38
798
95
319
929
836
965
50
617
909
798
670
425
966
900
460
835
12
101
169
567
955
277
328
911
624
649
280
148
293
764
531
647
642
450
475
975
580
992
201
717
794
897
315
976
301
847
11
241
152
197
353
888
453
508
521
755
777
436
827
486
575
997
588
107
936
974
188
525
777
785
430
17
412
978
142
602
359
222
45
802
756
552
574
557
961
771
918
331
572
731
199
490
282
552
95
743
578
546
493
368
977
786
105
843
653
983
172
549
268
81
184
379
355
145
686
761
554
789
656
690
809
251
827
387
103
265
391
738
485
641
804
286
569
798
424
52
432
52
622
455
848
319
589
742
651
233
123
869
906
786
16
464
562
985
687
740
213
21
508
693
486
376
201
199
919
720
310
300
567
137
186
911
267
415
186
884
888
98
49
626
598
764
560
596
861
550
609
748
19
201
376
85
773
412
257
848
320
882
50
548
485
274
402
373
996
62
657
504
966
631
597
820
621
712
965
839
696
35
874
360
868
128
892
807
419
814
951
972
842
899
91
451
250
671
611
382
929
125
124
313
627
453
982
406
902
143
965
334
668
731
447
825
841
591
6
859
36
251
598
103
683
549
334
146
969
908
215
235
143
825
997
825
710
727
311
271
987
598
553
335
36
513
196
969
501
7
76
63
181
526
289
277
790
112
836
698
852
882
453
340
816
161
14
388
16
257
474
756
618
544
863
844
397
928
994
337
286
625
985
966
248
85
244
94
603
112
662
550
818
201
119
100
377
9
256
433
782
276
393
561
51
936
684
701
250
872
579
684
704
6
592
41
729
260
528
529
719
525
105
146
219
281
475
622
409
694
331
140
251
691
527
298
399
303
380
484
473
871
237
761
573
255
950
107
461
225
912
555
33
147
756
4
718
127
606
565
525
328
625
531
569
525
758
456
761
167
103
959
235
161
638
455
639
608
348
926
984
765
782
567
588
481
699
799
539
877
964
8
822
962
260
644
6
203
422
290
668
254
767
201
945
313
382
862
383
80
777
814
339
293
733
88
481
983
90
643
448
934
516
168
496
943
531
845
32
702
375
224
43
171
209
988
417
189
35
529
763
357
215
177
667
55
671
589
125
483
486
402
903
305
391
358
745
492
651
298
205
909
171
848
307
757
746
678
145
303
616
642
409
285
970
765
698
528
677
480
121
621
166
201
283
803
243
774
170
454
345
580
84
278
205
974
520
834
929
27
938
711
412
272
908
669
142
117
753
459
649
428
119
436
412
912
939
763
479
382
440
248
509
55
397
55
339
488
453
237
623
660
498
450
235
989
534
950
809
318
5
879
522
594
809
469
514
193
6
197
784
733
337
731
660
545
179
114
415
363
732
247
791
827
479
282
984
616
71
477
477
256
919
992
812
755
763
805
698
154
27
101
210
231
637
909
28
706
911
811
94
160
571
480
582
151
646
352
836
894
141
793
639
506
363
31
672
651
492
684
201
580
182
432
10
848
601
155
628
780
626
185
521
446
256
509
135
157
933
755
11
724
640
934
726
996
146
573
353
463
171
361
62
341
24
669
830
175
959
33
415
460
835
813
907
55
402
749
26
362
357
788
57
859
533
468
159
469
197
595
345
458
752
257
225
167
264
441
798
831
498
999
940
231
678
322
318
763
801
699
454
875
610
522
151
986
90
11
855
144
260
772
107
869
97
294
719
252
823
535
792
195
289
486
894
935
285
820
706
568
45
704
960
456
674
396
474
22
724
49
277
181
887
607
332
230
789
199
172
738
1
528
431
199
954
173
314
575
339
124
421
878
215
327
391
42
447
414
97
677
704
629
828
361
528
275
820
195
239
312
751
115
141
66
821
341
823
359
391
770
731
692
277
275
194
257
329
476
602
552
120
967
652
1
250
840
85
21
307
748
543
398
54
965
17
439
33
833
844
847
85
800
247
883
114
634
42
437
625
763
497
506
111
197
878
295
967
60
420
588
501
60
102
128
32
982
788
174
28
872
231
777
325
762
789
921
728
177
478
727
898
80
877
7
825
752
266
248
318
125
868
876
720
519
627
225
310
949
528
591
820
449
876
175
47
75
957
70
944
649
782
317
146
299
289
956
737
248
216
224
159
954
720
143
785
396
95
762
413
42
80
229
435
377
73
256
697
633
431
449
621
365
506
559
30
2
447
446
131
539
475
771
51
94
401
557
673
195
217
722
348
560
202
608
613
278
932
29
247
574
159
524
932
744
706
224
104
73
336
965
763
301
200
231
895
642
733
986
282
682
320
507
859
693
434
962
660
16
38
131
450
473
911
249
106
167
332
770
519
521
822
514
42
998
19
38
463
28
32
150
80
736
190
862
93
559
899
489
277
259
303
759
231
993
502
813
292
958
816
588
531
853
683
667
627
664
933
696
739
800
441
471
478
672
783
950
339
847
682
756
698
528
289
163
263
513
191
75
1
567
174
644
745
49
452
756
116
933
138
11
273
218
89
916
110
540
537
589
172
879
832
805
394
990
17
250
947
17
699
994
212
421
98
76
302
942
40
923
767
655
463
78
999
486
623
679
246
404
500
947
756
643
851
296
229
828
807
764
358
835
481
69
11
589
791
112
509
841
790
110
548
543
775
397
776
123
686
941
459
884
103
71
384
16
613
525
483
80
148
609
428
361
916
572
259
493
610
400
575
353
515
248
836
129
568
526
687
11
37
752
600
288
130
168
49
158
724
547
761
861
459
256
809
336
536
371
426
164
759
982
16
918
747
108
191
927
404
575
886
163
363
493
465
868
235
824
405
889
185
256
543
82
549
921
979
68
713
406
547
377
115
963
884
378
353
984
687
654
830
456
202
683
47
945
403
675
330
745
446
793
237
601
71
748
370
524
928
320
586
456
228
166
969
326
960
739
940
770
124
807
831
602
341
230
720
690
601
776
623
484
88
106
238
426
650
108
129
580
142
951
478
617
737
953
355
54
446
298
884
263
759
299
449
467
741
64
102
370
898
268
369
911
444
952
593
523
338
717
988
68
535
761
730
849
491
514
951
137
574
392
853
435
646
947
942
805
48
390
706
193
951
646
534
465
119
713
285
44
690
711
3
297
248
370
704
944
216
432
53
991
834
765
313
251
632
972
737
223
242
110
80
471
545
525
736
537
859
148
464
724
910
936
33
193
156
978
166
267
119
531
687
789
488
101
488
853
297
169
402
84
988
51
50
576
440
239
440
925
493
630
745
703
632
175
849
619
760
49
103
25
58
579
578
471
328
934
836
613
771
91
168
322
501
927
260
107
902
69
739
904
471
40
353
442
404
420
840
774
799
162
915
127
546
916
450
362
484
293
393
411
356
935
71
138
765
153
881
394
876
157
264
851
735
705
48
525
133
993
665
854
593
642
656
414
816
899
736
405
125
339
386
947
677
228
145
881
386
266
493
27
488
111
814
269
587
745
247
192
582
78
100
579
22
800
252
579
792
736
703
812
727
365
294
243
317
903
668
273
968
165
687
126
144
719
604
623
549
768
843
840
593
142
10
735
730
91
802
901
215
281
250
479
480
700
279
340
884
254
599
158
320
741
764
70
573
382
139
865
525
678
142
570
54
748
327
805
92
800
73
159
854
115
858
652
27
102
770
192
435
128
479
449
419
884
330
113
788
586
711
746
282
405
517
111
102
154
325
582
948
465
299
742
192
707
304
666
514
400
939
263
414
12
859
846
857
609
247
554
777
366
997
412
218
538
59
144
546
465
894
380
658
65
755
7
519
96
926
26
33
968
337
120
208
44
299
986
467
965
74
109
589
591
624
291
396
567
772
179
612
17
195
555
400
17
794
464
987
124
862
307
6
752
767
248
673
796
336
121
584
720
292
746
24
204
244
636
197
962
171
150
985
942
234
195
409
527
83
439
535
571
469
21
353
249
513
176
887
749
63
853
809
566
282
512
571
530
192
913
690
541
418
447
873
194
265
761
285
523
874
947
901
872
421
701
861
458
259
674
384
340
30
132
249
742
599
739
772
873
630
164
81
425
165
672
409
520
547
782
159
899
219
963
636
708
947
968
472
518
948
858
385
828
506
258
46
753
553
715
803
455
697
580
94
994
765
112
813
624
46
44
118
695
119
422
559
188
817
624
692
811
346
238
301
995
237
885
931
488
480
84
550
156
399
532
497
589
615
989
568
442
823
49
154
758
626
319
538
455
450
890
227
290
752
59
316
737
551
736
674
815
442
706
654
194
425
354
290
317
692
351
991
702
222
518
876
46
669
157
898
698
837
584
50
818
398
65
3
221
534
825
133
28
711
65
725
610
475
907
512
671
301
88
624
102
759
255
273
675
558
465
891
676
163
879
486
44
9
391
645
248
514
46
72
458
926
401
573
754
698
659
546
599
27
585
812
645
615
191
47
47
723
990
598
199
133
651
329
186
477
515
185
70
561
370
546
316
799
912
966
200
618
796
465
864
55
908
387
427
874
833
752
409
905
689
349
7
740
876
522
347
848
980
829
333
472
238
529
305
450
733
299
983
736
430
676
55
676
937
367
592
952
910
742
370
191
605
60
829
865
363
274
156
694
189
603
869
69
521
815
570
962
246
550
798
576
351
521
762
25
381
635
141
471
258
265
325
18
573
572
389
744
71
177
614
745
192
599
212
225
494
78
135
17
218
443
550
754
368
389
863
505
289
978
660
243
460
872
357
427
306
257
542
776
77
320
276
880
119
517
97
940
944
220
637
54
482
656
164
650
201
551
896
587
29
272
145
703
641
893
502
900
778
640
546
181
113
634
92
215
285
519
244
586
790
281
736
405
401
658
628
311
805
307
80
575
762
923
692
225
43
148
516
598
987
188
941
858
824
790
291
212
408
48
781
714
23
271
213
252
912
51
143
7
156
193
627
599
282
395
694
656
476
462
588
465
341
981
850
562
452
427
561
564
543
470
891
285
925
768
233
946
783
671
30
753
342
44
860
926
695
944
271
473
210
129
791
583
32
800
500
445
241
808
835
45
523
49
907
284
716
194
759
714
174
40
133
894
444
675
43
678
720
486
43
489
612
914
497
984
176
703
471
329
445
184
83
214
513
480
87
48
653
904
335
68
549
542
708
805
840
261
785
481
315
906
688
196
633
927
400
262
57
107
58
184
167
726
881
413
459
491
144
887
352
755
422
954
620
763
201
145
752
461
836
166
440
2
366
532
749
7
59
252
338
849
949
550
286
425
440
949
979
544
474
713
194
33
85
532
142
261
164
456
819
19
826
553
476
366
590
463
992
597
522
458
650
719
969
94
452
604
522
303
444
3
718
476
778
707
981
61
575
351
350
471
821
102
363
989
255
233
972
988
231
476
841
976
643
604
301
630
458
703
117
1000
747
441
111
454
478
366
761
975
550
711
455
138
394
890
976
468
474
605
53
361
909
585
500
178
923
426
190
594
994
86
114
529
800
178
789
97
474
492
759
336
850
504
876
701
883
629
83
514
592
653
642
879
31
5
888
300
513
731
988
854
101
101
942
69
644
757
635
825
272
501
394
249
362
38
64
971
794
716
813
34
302
305
837
573
790
659
796
767
898
86
381
100
367
847
73
1000
466
367
208
197
923
580
424
714
485
498
785
921
979
174
48
900
814
591
992
766
577
632
361
841
447
958
152
135
209
882
670
886
543
567
521
239
492
763
792
971
212
994
421
732
108
313
506
102
997
942
750
434
111
238
489
505
827
935
432
555
496
89
824
344
916
690
814
20
300
427
986
477
902
791
451
607
438
324
489
644
39
176
686
616
671
463
607
958
329
339
4
465
551
284
927
525
685
599
860
253
422
698
588
808
535
959
635
15
920
656
489
266
927
466
816
888
550
905
707
532
320
887
73
534
804
675
326
1000
384
98
761
503
803
852
385
623
282
969
858
56
546
774
795
720
343
663
446
23
805
515
605
622
38
548
611
44
907
851
999
336
376
467
416
115
210
301
875
681
11
784
161
73
414
915
693
37
27
93
962
715
805
803
653
884
977
822
527
442
395
945
716
582
576
900
212
725
655
162
887
616
767
796
493
227
866
153
845
197
423
876
448
547
261
161
435
556
477
813
409
187
329
281
838
513
657
482
474
605
540
698
368
228
927
194
515
969
855
626
143
637
22
789
84
177
547
900
185
687
877
103
411
1
810
773
498
132
189
741
192
489
992
777
504
115
697
72
132
820
54
127
707
346
691
280
966
323
572
111
677
453
399
928
391
116
781
343
820
565
264
681
172
560
643
273
224
202
341
362
227
329
965
864
32
11
402
535
137
202
451
270
111
383
290
420
569
400
871
254
239
853
636
322
384
412
73
920
320
497
172
667
568
60
448
658
321
573
877
450
989
719
78
246
635
262
653
857
189
233
631
780
480
38
173
48
187
154
125
33
831
187
830
920
601
849
888
924
803
529
287
149
772
210
619
726
612
479
285
753
569
910
975
40
214
205
468
849
695
130
115
21
381
417
851
659
2
968
61
406
896
285
851
132
26
286
189
1000
840
664
767
599
641
833
386
901
805
826
537
1
707
459
238
151
565
304
59
7
235
575
526
889
652
660
993
908
167
776
311
519
882
709
643
777
278
443
272
49
652
697
720
397
494
787
380
248
234
966
560
840
6
130
398
3
397
834
567
222
144
947
79
651
561
680
664
789
726
298
815
744
398
763
947
66
970
103
199
586
536
266
922
459
267
215
931
302
95
467
173
204
198
27
649
337
493
372
185
434
53
488
8
684
341
776
815
974
281
82
748
4
877
66
442
493
247
687
165
558
313
602
321
116
970
580
293
464
221
169
945
187
81
355
598
350
828
106
157
641
865
475
996
448
581
554
32
405
686
133
149
837
74
619
9
218
280
200
847
827
828
438
908
900
794
67
606
588
292
553
431
103
17
254
618
705
897
706
173
425
89
32
822
997
496
319
260
45
480
935
818
963
874
850
631
779
461
436
198
242
756
774
950
751
75
156
440
210
523
421
10
869
873
300
72
589
360
421
567
242
46
151
833
288
969
423
537
196
319
56
543
497
857
281
692
508
935
951
940
271
554
586
384
692
79
603
56
723
468
281
303
843
693
869
171
242
306
206
343
552
150
658
344
817
898
556
175
368
32
241
564
53
763
355
198
636
77
273
301
858
234
18
975
129
484
31
577
32
149
863
5
770
131
176
161
562
694
365
701
650
215
905
413
920
58
473
6
899
902
892
86
918
16
242
188
558
84
954
487
704
119
437
262
605
149
464
375
310
80
810
67
890
615
83
632
557
616
521
720
876
256
88
283
775
512
184
549
164
770
808
701
373
992
467
179
466
295
902
848
963
382
452
145
356
332
403
886
6
425
938
272
453
334
928
904
126
305
370
261
281
62
541
838
8
119
622
849
294
719
152
754
341
326
80
422
754
834
204
647
975
229
110
555
56
520
145
927
796
574
601
911
689
659
110
472
967
658
70
569
241
610
437
28
523
427
821
171
781
964
329
178
866
160
850
610
276
59
819
968
759
119
781
669
598
745
161
5
435
235
181
331
633
168
202
111
736
185
863
868
7
546
960
517
301
269
340
201
109
890
540
838
659
616
583
5
735
501
539
469
619
226
488
388
220
253
399
503
95
243
376
382
983
840
82
988
537
590
899
563
720
854
893
828
92
878
803
362
86
426
183
637
764
798
853
162
663
210
512
92
813
378
86
598
579
459
580
812
243
966
573
5
649
409
804
307
144
931
553
876
945
570
188
29
732
711
298
750
74
266
909
465
380
862
30
462
526
97
784
608
173
578
919
391
150
651
1000
355
819
709
550
537
781
101
269
766
650
725
243
266
378
531
112
111
703
482
12
708
835
429
273
461
370
488
472
16
949
39
752
853
863
99
672
132
1000
16
252
594
865
444
660
301
92
664
952
491
125
395
558
3
310
507
896
908
171
309
407
450
946
495
637
86
310
849
2
241
187
290
937
552
916
914
998
176
864
512
766
380
406
655
528
314
176
158
387
259
985
577
418
43
883
265
536
374
531
785
572
761
889
543
412
603
967
797
805
517
948
743
84
251
221
125
845
563
870
265
254
201
69
118
711
902
188
282
418
327
181
41
936
834
445
381
340
857
751
685
169
39
32
218
22
839
954
103
257
431
908
381
291
230
644
470
817
229
873
264
212
574
978
356
200
742
957
622
379
783
430
497
208
177
137
708
900
899
526
420
401
320
112
814
129
849
244
346
475
948
197
4
871
637
123
713
48
712
361
964
282
621
454
205
354
499
198
43
210
736
213
786
577
620
917
362
873
57
882
710
354
904
765
370
775
454
124
59
163
594
820
882
636
463
415
515
93
270
96
77
682
888
267
650
875
415
1000
750
608
402
595
552
635
369
857
786
257
83
792
332
719
351
983
886
465
850
510
578
821
862
433
859
122
648
552
803
294
862
367
973
455
64
806
829
361
915
116
468
272
140
755
211
931
960
714
728
828
196
636
753
189
581
255
46
154
82
422
226
148
666
939
893
192
710
121
346
288
938
115
298
355
220
347
994
227
928
524
860
190
510
827
660
352
620
326
812
925
888
944
533
127
816
269
75
264
315
250
162
323
399
347
865
782
895
575
962
455
670
512
569
96
622
379
685
455
520
953
952
406
475
325
558
465
5
756
927
6
357
307
161
862
712
571
100
555
625
888
786
281
447
873
338
334
632
173
339
301
853
18
783
507
727
64
406
552
721
434
251
610
816
150
591
80
808
34
64
464
913
309
212
603
588
187
506
463
730
10
525
547
504
703
479
375
821
775
427
378
344
539
402
133
469
699
436
380
868
219
898
327
552
861
601
49
414
699
529
866
133
877
450
838
449
1000
73
376
982
377
270
416
714
78
907
361
701
545
81
607
863
670
498
913
359
390
64
79
881
962
739
390
778
828
495
853
874
442
381
688
158
845
859
302
834
683
147
416
176
70
763
476
909
875
866
424
295
818
569
908
35
62
556
961
984
262
737
512
734
260
624
58
445
853
909
446
494
313
465
80
687
181
684
244
307
223
459
980
377
995
539
768
28
723
73
140
948
849
266
662
165
935
458
1
371
533
808
105
556
751
385
544
647
611
808
438
135
375
940
752
248
126
245
917
595
540
214
353
945
95
139
831
22
146
381
342
122
684
731
574
293
75
220
910
932
221
663
522
489
405
27
661
928
71
979
997
929
400
573
587
42
975
137
96
944
594
167
175
376
266
871
647
887
262
895
985
929
996
292
472
254
779
36
471
322
334
911
862
731
265
253
42
840
321
752
58
298
241
532
604
213
722
757
253
88
328
114
16
123
346
131
353
224
134
57
175
195
951
272
786
671
397
872
282
945
282
182
489
957
979
253
930
553
877
614
820
454
811
421
678
314
979
589
987
830
282
900
53
753
922
835
854
833
801
976
741
660
366
755
784
325
426
58
880
161
424
213
82
433
364
246
593
174
912
723
984
804
847
474
593
486
817
633
233
397
929
39
787
238
625
71
122
228
459
463
188
901
821
295
271
737
345
354
183
472
328
48
338
703
581
931
718
1
324
31
465
675
669
513
610
477
489
583
104
347
435
314
260
577
759
613
840
516
608
698
331
108
171
52
708
873
262
811
124
404
148
442
571
702
486
173
967
840
790
51
574
747
209
898
623
396
956
59
141
802
522
709
991
616
490
538
647
837
159
18
399
282
133
579
235
621
635
644
562
230
960
848
354
959
540
90
907
348
190
305
49
785
157
71
83
222
100
812
44
988
987
775
237
899
270
412
195
873
876
391
793
736
479
843
81
774
352
336
137
618
235
353
587
283
667
129
286
635
666
558
667
736
465
119
522
338
529
49
734
979
819
500
351
397
748
424
168
827
457
197
757
328
640
98
863
397
192
356
772
70
560
131
283
82
866
545
509
556
841
976
396
490
258
492
524
178
76
177
249
207
824
184
330
391
173
486
732
196
940
229
957
500
657
897
978
274
429
196
863
164
875
596
397
486
651
677
818
204
198
466
800
286
487
317
119
548
61
531
44
686
710
475
508
163
623
612
17
457
741
137
667
552
13
221
886
179
793
281
93
995
209
468
578
30
822
142
224
905
931
450
246
561
990
732
46
654
329
140
592
830
652
218
788
408
794
994
816
186
851
9
237
113
6
871
244
161
863
531
343
402
364
493
275
671
132
458
892
43
72
837
143
467
132
297
890
60
272
835
720
517
830
479
645
48
390
476
990
161
390
124
984
258
300
126
214
203
478
659
283
268
56
351
887
200
370
839
40
995
895
446
541
648
45
567
651
859
413
800
658
745
85
25
955
157
567
664
528
604
453
594
431
797
755
671
303
90
567
185
827
996
651
416
950
900
968
836
345
991
406
768
802
929
754
425
574
555
937
870
460
393
573
243
854
124
480
975
540
137
898
192
188
445
102
362
138
331
552
228
348
453
863
699
835
401
770
836
819
386
92
676
900
605
276
352
841
921
697
23
480
918
174
776
698
213
367
94
929
804
592
747
499
302
482
889
436
326
569
955
109
680
33
823
579
160
226
894
503
887
182
693
590
78
346
558
483
284
566
52
297
21
806
942
297
834
477
64
323
282
838
898
523
455
605
437
657
350
231
517
603
734
954
237
442
127
327
501
700
110
356
559
974
128
886
652
746
198
5
240
497
513
753
985
731
192
731
326
710
194
170
395
254
357
720
333
688
10
770
744
449
379
456
454
679
554
899
944
217
67
725
691
121
423
836
152
949
32
574
54
766
649
371
290
680
768
873
778
747
622
516
976
852
422
634
34
194
782
124
754
972
423
403
402
1
250
233
96
493
620
713
809
909
823
394
285
998
430
863
982
846
939
659
373
155
454
215
503
315
720
295
328
60
459
432
798
248
582
911
590
528
672
590
105
680
388
277
455
923
501
536
810
222
10
456
29
842
965
878
192
351
237
178
692
820
705
585
146
68
607
174
592
971
968
677
656
893
600
114
228
632
170
315
548
203
498
168
728
674
306
716
829
945
852
660
26
200
572
57
629
653
698
920
118
67
503
386
293
77
450
39
673
720
609
476
453
120
107
681
98
184
313
569
825
217
265
545
640
238
621
714
360
243
87
376
827
269
921
547
708
386
169
931
127
993
296
809
13
698
213
972
185
725
948
737
575
764
507
322
828
860
904
395
732
154
683
302
553
730
545
993
786
420
81
518
578
136
309
329
185
877
562
361
357
780
425
630
666
558
760
730
900
716
155
975
780
408
884
883
348
611
295
242
654
332
120
979
936
683
431
463
633
430
922
976
419
509
431
787
218
191
50
546
541
276
769
362
433
466
264
865
588
89
736
221
185
424
129
216
946
974
181
931
373
338
861
923
276
197
771
658
477
600
68
562
115
770
932
163
338
891
575
80
720
415
464
467
471
83
12
821
796
542
83
476
378
627
92
83
210
983
670
182
829
935
130
298
323
80
85
321
151
228
66
933
381
187
551
357
791
871
718
378
14
61
166
39
598
663
385
790
277
987
286
490
921
795
382
652
612
538
526
558
678
562
287
843
926
339
601
783
133
309
361
330
292
816
715
661
386
819
27
424
103
794
963
191
816
322
964
883
430
548
737
434
734
323
101
410
737
134
489
731
899
330
72
697
559
139
249
27
14
10
828
632
147
992
285
976
892
960
115
399
452
16
242
230
937
353
932
601
681
601
277
22
126
229
17
923
293
972
485
782
818
314
339
469
37
505
521
365
305
29
791
473
525
388
883
775
283
217
789
595
204
557
286
326
331
87
730
619
352
797
813
524
834
74
952
929
139
788
531
441
719
74
499
903
279
676
239
369
348
99
254
132
700
120
313
924
207
478
718
655
207
31
388
911
209
711
892
661
386
539
100
762
662
148
28
218
445
965
386
939
172
253
789
38
286
795
872
356
815
776
920
123
827
455
333
742
613
617
865
644
349
185
986
464
321
942
328
900
555
287
582
81
209
972
32
231
213
556
957
536
376
575
98
745
346
683
65
69
502
301
26
151
24
334
121
792
950
626
893
928
902
734
637
849
886
939
806
107
859
52
411
149
190
516
922
391
552
547
740
469
277
363
571
289
573
195
637
94
317
829
626
475
362
479
579
933
863
842
827
807
956
59
211
127
308
605
924
679
533
498
374
222
670
932
101
142
923
421
891
668
836
56
980
299
157
708
31
173
220
174
500
592
727
452
12
79
798
846
344
82
717
671
980
185
309
376
873
843
706
205
332
6
47
865
76
599
770
54
690
570
144
431
116
52
285
21
778
997
96
900
966
608
440
459
43
582
667
844
184
56
832
509
437
547
652
33
952
321
623
124
351
764
419
950
56
975
981
52
725
167
391
447
131
495
426
569
906
456
190
927
473
994
690
255
988
317
313
997
861
677
221
198
716
76
883
485
245
401
394
75
15
814
527
96
261
286
618
433
623
948
761
773
513
759
977
520
369
389
353
865
287
564
645
738
458
693
153
448
746
70
595
787
366
222
580
404
33
178
856
182
704
506
521
160
7
489
487
339
627
350
458
479
669
159
539
687
108
121
230
245
847
691
515
168
318
178
11
508
848
624
131
217
9
868
754
660
240
672
856
248
154
237
514
370
971
446
597
938
84
447
68
668
491
423
475
743
686
672
678
87
687
835
17
709
939
979
411
364
727
89
93
308
18
724
152
904
816
203
19
557
312
468
562
337
489
961
249
933
253
703
637
269
295
343
753
6
423
245
50
152
206
103
400
160
689
998
537
901
339
805
819
8
527
620
329
655
366
928
426
91
952
377
798
607
724
587
872
96
193
351
338
122
824
97
272
297
163
816
423
787
70
741
209
640
126
247
235
623
684
754
84
947
806
233
873
254
671
252
157
782
373
46
158
247
478
592
291
61
689
536
22
532
610
170
413
566
284
558
532
56
369
532
102
359
95
731
976
517
34
801
148
526
537
890
71
931
947
806
157
680
684
269
502
825
935
533
191
182
71
297
551
822
504
653
992
109
700
611
527
641
724
258
578
7
239
595
722
178
210
608
352
393
642
297
238
1
925
663
790
979
1000
861
486
889
253
13
577
827
881
528
33
854
2
351
351
265
297
70
475
839
297
740
431
203
904
689
194
17
521
676
152
375
355
742
710
794
646
420
615
125
324
393
614
719
335
175
815
280
863
651
502
219
692
702
851
158
744
388
966
103
974
529
372
467
271
998
38
805
364
807
222
740
871
767
132
302
30
922
345
204
381
405
634
715
668
563
429
417
671
851
441
232
143
176
213
36
395
150
67
769
833
915
325
665
499
572
619
869
476
433
781
81
600
248
478
510
607
897
411
75
585
531
467
210
630
113
739
68
474
692
362
31
374
604
8
430
894
452
860
42
397
181
708
405
670
909
52
902
666
487
361
16
582
122
352
176
561
458
681
986
691
280
491
699
383
909
706
154
430
199
146
577
839
347
361
623
26
274
725
978
398
361
276
945
164
17
915
488
522
921
204
76
565
718
686
152
231
229
859
949
590
582
786
21
583
455
75
916
272
277
60
320
828
293
890
837
66
166
277
782
413
163
700
572
724
508
817
85
82
746
888
992
623
120
949
402
858
685
147
461
32
888
380
106
631
365
323
574
392
297
969
19
975
760
617
249
621
66
648
554
144
938
233
572
806
249
209
297
607
735
889
669
212
88
58
876
588
415
654
671
42
907
925
972
250
632
911
420
648
390
434
422
660
84
734
317
167
835
626
250
534
518
772
289
489
861
296
657
944
810
489
623
667
71
525
522
510
69
482
706
721
519
699
764
346
560
223
364
702
303
94
144
166
400
234
79
357
661
284
735
452
56
784
553
694
529
279
596
771
215
293
417
462
458
899
892
527
947
504
952
944
374
723
977
755
755
788
500
194
759
673
750
993
990
705
560
681
998
777
941
500
327
381
606
750
458
198
66
780
623
248
823
461
571
938
593
350
573
517
947
865
179
369
772
573
853
855
351
271
754
895
601
147
459
530
142
612
485
948
575
424
879
715
928
290
182
432
536
545
655
512
655
318
98
463
807
919
303
329
976
5
993
459
683
613
197
64
108
362
735
458
194
969
605
367
212
351
154
400
85
350
75
636
952
672
245
431
653
819
303
863
879
631
797
364
794
559
897
474
724
73
164
257
902
618
212
74
253
957
498
977
608
138
739
269
702
103
278
855
448
928
463
242
783
71
15
931
139
200
761
991
402
592
783
327
327
885
132
646
259
677
622
761
646
248
630
112
857
866
956
379
2
757
132
242
98
964
827
31
386
560
918
938
51
898
143
72
103
245
46
345
199
782
529
201
263
525
727
284
63
115
155
326
985
636
802
414
520
54
590
286
482
703
422
236
151
12
743
755
320
494
537
959
742
801
683
605
865
794
416
111
870
453
344
493
146
9
682
22
400
272
658
406
615
676
72
351
828
214
448
578
232
313
380
58
306
193
783
920
336
621
167
44
802
537
752
209
147
319
638
550
566
431
573
671
64
807
443
401
340
595
201
412
377
999
626
232
436
174
984
307
744
789
526
943
636
977
688
947
285
247
732
940
96
85
185
304
755
839
501
109
273
612
895
412
426
861
386
207
560
34
85
858
357
280
951
574
417
619
714
623
485
240
827
949
448
45
480
902
429
906
558
845
983
844
203
114
23
205
1
448
743
623
87
738
485
951
15
746
309
33
712
329
174
149
486
116
447
746
670
619
669
796
117
237
274
856
995
587
33
985
778
980
441
474
51
87
175
114
681
140
660
884
87
565